001220012102222202222201210022100
020002002222202101202222200200020
102010222102002222200201222010201
221011010001111202111100010110122
200220210121121212121121012022002
212112221110212121212011122211212
020211121101112212211101121112020
102111210122011222110221012111201
012012111011122121221110111210210
112011000020122020221020000110211
001021212011202000202110212120100
210011022122202111202221220110012
122221002121110212011121200122221
022000210100021000120001012000220
220012022201001020100102220210022
002201002010000020000010200102200
201221122201220101022102221122102
002201002010000020000010200102200
220012022201001020100102220210022
022000210100021000120001012000220
122221002121110212011121200122221
210011022122202111202221220110012
001021212011202000202110212120100
112011000020122020221020000110211
012012111011122121221110111210210
102111210122011222110221012111201
020211121101112212211101121112020
212112221110212121212011122211212
200220210121121212121121012022002
221011010001111202111100010110122
102010222102002222200201222010201
020002002222202101202222200200020
001220012102222202222201210022100
