100221000121100010001121000122001
110221110012011000110210011122011
011200212121000222000121212002110
120202122010212121212010221202021
021012010200100222001002010210120
202000000111021010120111000000202
211221202002221111122200202122112
101000112120122222221021211000101
110010020020020121020020020010011
022002111221022020220122111200220
121221202121021111120121202122121
100120120102101121101201021021001
200002012021121111121120210200002
111012021121021101120121120210111
000221220201000212000102022122000
012202210201000101000102012202210
220200201210102000201012102002022
012202210201000101000102012202210
000221220201000212000102022122000
111012021121021101120121120210111
200002012021121111121120210200002
100120120102101121101201021021001
121221202121021111120121202122121
022002111221022020220122111200220
110010020020020121020020020010011
101000112120122222221021211000101
211221202002221111122200202122112
202000000111021010120111000000202
021012010200100222001002010210120
120202122010212121212010221202021
011200212121000222000121212002110
110221110012011000110210011122011
100221000121100010001121000122001
