000211201021102000201120102112000
212012120110112222211011021210212
100200011121201101102121110002001
021120020021012121210120020021120
220201021020010222010020120102022
011220101120220212022021101022110
112112010010020212020010010211211
011222011000020101020000110222110
222012102112000202000211201210222
012000001222000212000222100000210
001011222220210000012022222110100
200112220021220010022120022211002
101212012120221010122021210212101
120120002201212000212102200021021
121202000211011222110112000202121
202120212210000010000012212021202
022110120212222121222212021011220
202120212210000010000012212021202
121202000211011222110112000202121
120120002201212000212102200021021
101212012120221010122021210212101
200112220021220010022120022211002
001011222220210000012022222110100
012000001222000212000222100000210
222012102112000202000211201210222
011222011000020101020000110222110
112112010010020212020010010211211
011220101120220212022021101022110
220201021020010222010020120102022
021120020021012121210120020021120
100200011121201101102121110002001
212012120110112222211011021210212
000211201021102000201120102112000
